-- phpMyAdmin SQL Dump
-- version 5.1.1
-- https://www.phpmyadmin.net/
--
-- Host: localhost:3306
-- Generation Time: Sep 09, 2021 at 10:42 AM
-- Server version: 5.5.65-MariaDB
-- PHP Version: 7.4.22

SET SQL_MODE = "NO_AUTO_VALUE_ON_ZERO";
START TRANSACTION;
SET time_zone = "+00:00";


/*!40101 SET @OLD_CHARACTER_SET_CLIENT=@@CHARACTER_SET_CLIENT */;
/*!40101 SET @OLD_CHARACTER_SET_RESULTS=@@CHARACTER_SET_RESULTS */;
/*!40101 SET @OLD_COLLATION_CONNECTION=@@COLLATION_CONNECTION */;
/*!40101 SET NAMES utf8mb4 */;

--
-- Database: `theparkstrust`
--

-- --------------------------------------------------------

--
-- Table structure for table `ol_group_activity`
--

CREATE TABLE `ol_group_activity` (
  `id` int(11) NOT NULL,
  `group_id` int(11) NOT NULL,
  `activity_id` int(11) NOT NULL
) ENGINE=InnoDB DEFAULT CHARSET=latin1;

--
-- Dumping data for table `ol_group_activity`
--

INSERT INTO `ol_group_activity` (`id`, `group_id`, `activity_id`) VALUES
(1, 2, 20),
(2, 2, 37),
(3, 2, 46),
(4, 2, 99),
(5, 3, 71),
(6, 3, 82),
(7, 3, 78),
(8, 3, 44),
(11, 3, 20),
(12, 3, 27),
(13, 3, 73),
(14, 3, 101),
(15, 3, 97),
(16, 3, 83),
(17, 3, 57),
(18, 3, 74),
(19, 3, 37),
(20, 3, 76),
(21, 3, 46),
(22, 3, 75),
(23, 3, 77),
(24, 3, 104),
(25, 3, 67),
(26, 3, 68),
(27, 3, 65),
(28, 3, 99),
(29, 4, 71),
(30, 4, 82),
(31, 4, 78),
(32, 4, 44),
(33, 4, 20),
(34, 4, 27),
(35, 4, 73),
(36, 4, 101),
(37, 4, 97),
(38, 4, 83),
(39, 4, 57),
(40, 4, 74),
(41, 4, 37),
(42, 4, 76),
(43, 4, 46),
(44, 4, 75),
(45, 4, 77),
(46, 4, 104),
(47, 4, 67),
(48, 4, 68),
(49, 4, 65),
(50, 4, 99),
(51, 1, 20),
(52, 1, 37),
(53, 1, 46),
(54, 1, 99),
(55, 5, 71),
(56, 5, 82),
(57, 5, 78),
(58, 5, 44),
(59, 5, 20),
(60, 5, 27),
(61, 5, 73),
(62, 5, 101),
(63, 5, 97),
(64, 5, 83),
(65, 5, 57),
(66, 5, 74),
(67, 5, 37),
(68, 5, 76),
(69, 5, 46),
(70, 5, 75),
(71, 5, 77),
(72, 5, 104),
(73, 5, 67),
(74, 5, 68),
(75, 5, 65),
(76, 5, 99),
(77, 6, 71),
(78, 6, 82),
(79, 6, 78),
(80, 6, 44),
(81, 6, 20),
(82, 6, 27),
(83, 6, 73),
(84, 6, 101),
(85, 6, 97),
(86, 6, 83),
(87, 6, 57),
(88, 6, 74),
(89, 6, 37),
(90, 6, 76),
(91, 6, 46),
(92, 6, 75),
(93, 6, 77),
(94, 6, 104),
(95, 6, 67),
(96, 6, 68),
(97, 6, 65),
(98, 6, 99),
(99, 7, 71),
(100, 7, 82),
(101, 7, 78),
(102, 7, 44),
(103, 7, 20),
(104, 7, 27),
(105, 7, 73),
(106, 7, 101),
(107, 7, 97),
(108, 7, 83),
(109, 7, 57),
(110, 7, 74),
(111, 7, 37),
(112, 7, 76),
(113, 7, 46),
(114, 7, 75),
(115, 7, 77),
(116, 7, 104),
(117, 7, 67),
(118, 7, 68),
(119, 7, 65),
(120, 7, 99),
(121, 8, 71),
(122, 8, 82),
(123, 8, 78),
(124, 8, 44),
(125, 8, 20),
(126, 8, 27),
(127, 8, 73),
(128, 8, 101),
(129, 8, 97),
(130, 8, 83),
(131, 8, 57),
(132, 8, 74),
(133, 8, 37),
(134, 8, 76),
(135, 8, 46),
(136, 8, 75),
(137, 8, 77),
(138, 8, 104),
(139, 8, 67),
(140, 8, 68),
(141, 8, 65),
(142, 8, 99),
(143, 26, 71),
(144, 26, 82),
(145, 26, 78),
(146, 26, 44),
(147, 26, 20),
(148, 26, 27),
(149, 26, 73),
(150, 26, 101),
(151, 26, 97),
(152, 26, 83),
(153, 26, 57),
(154, 26, 74),
(155, 26, 37),
(156, 26, 76),
(157, 26, 46),
(158, 26, 75),
(159, 26, 77),
(160, 26, 104),
(161, 26, 67),
(162, 26, 68),
(163, 26, 65),
(164, 26, 99),
(165, 38, 71),
(166, 38, 82),
(167, 38, 78),
(168, 38, 44),
(169, 38, 20),
(170, 38, 27),
(171, 38, 73),
(172, 38, 101),
(173, 38, 97),
(174, 38, 83),
(175, 38, 57),
(176, 38, 74),
(177, 38, 37),
(178, 38, 76),
(179, 38, 46),
(180, 38, 75),
(181, 38, 77),
(182, 38, 104),
(183, 38, 67),
(184, 38, 68),
(185, 38, 65),
(186, 38, 99),
(187, 37, 71),
(188, 37, 82),
(189, 37, 78),
(190, 37, 44),
(191, 37, 20),
(192, 37, 27),
(193, 37, 73),
(194, 37, 101),
(195, 37, 97),
(196, 37, 83),
(197, 37, 57),
(198, 37, 74),
(199, 37, 37),
(200, 37, 76),
(201, 37, 46),
(202, 37, 75),
(203, 37, 77),
(204, 37, 104),
(205, 37, 67),
(206, 37, 68),
(207, 37, 65),
(208, 37, 99),
(209, 9, 4),
(210, 9, 103),
(211, 9, 89),
(212, 9, 102),
(213, 9, 84),
(214, 9, 52),
(215, 9, 85),
(216, 9, 72),
(217, 9, 36),
(218, 9, 87),
(219, 9, 88),
(220, 9, 96),
(221, 9, 86),
(222, 9, 91),
(223, 9, 104),
(224, 9, 67),
(225, 9, 68),
(226, 9, 65),
(227, 9, 99),
(228, 10, 4),
(229, 10, 103),
(230, 10, 89),
(231, 10, 102),
(232, 10, 84),
(233, 10, 52),
(234, 10, 85),
(235, 10, 72),
(236, 10, 36),
(237, 10, 87),
(238, 10, 88),
(239, 10, 96),
(240, 10, 86),
(241, 10, 91),
(242, 10, 104),
(243, 10, 67),
(244, 10, 68),
(245, 10, 65),
(246, 10, 99),
(247, 11, 4),
(248, 11, 103),
(249, 11, 89),
(250, 11, 102),
(251, 11, 84),
(252, 11, 52),
(253, 11, 85),
(254, 11, 72),
(255, 11, 36),
(256, 11, 87),
(257, 11, 88),
(258, 11, 96),
(259, 11, 86),
(260, 11, 91),
(261, 11, 104),
(262, 11, 67),
(263, 11, 68),
(264, 11, 65),
(265, 11, 99),
(266, 12, 4),
(267, 12, 103),
(268, 12, 89),
(269, 12, 102),
(270, 12, 84),
(271, 12, 52),
(272, 12, 85),
(273, 12, 72),
(274, 12, 36),
(275, 12, 87),
(276, 12, 88),
(277, 12, 96),
(278, 12, 86),
(279, 12, 91),
(280, 12, 104),
(281, 12, 67),
(282, 12, 68),
(283, 12, 65),
(284, 12, 99),
(285, 13, 4),
(286, 13, 103),
(287, 13, 89),
(288, 13, 102),
(289, 13, 84),
(290, 13, 52),
(291, 13, 85),
(292, 13, 72),
(293, 13, 36),
(294, 13, 87),
(295, 13, 88),
(296, 13, 96),
(297, 13, 86),
(298, 13, 91),
(299, 13, 104),
(300, 13, 67),
(301, 13, 68),
(302, 13, 65),
(303, 13, 99),
(304, 14, 4),
(305, 14, 103),
(306, 14, 89),
(307, 14, 102),
(308, 14, 84),
(309, 14, 52),
(310, 14, 85),
(311, 14, 72),
(312, 14, 36),
(313, 14, 87),
(314, 14, 88),
(315, 14, 96),
(316, 14, 86),
(317, 14, 91),
(318, 14, 104),
(319, 14, 67),
(320, 14, 68),
(321, 14, 65),
(322, 14, 99),
(323, 15, 4),
(324, 15, 103),
(325, 15, 89),
(326, 15, 102),
(327, 15, 84),
(328, 15, 52),
(329, 15, 85),
(330, 15, 72),
(331, 15, 36),
(332, 15, 87),
(333, 15, 88),
(334, 15, 96),
(335, 15, 86),
(336, 15, 91),
(337, 15, 104),
(338, 15, 67),
(339, 15, 68),
(340, 15, 65),
(341, 15, 99),
(342, 27, 4),
(343, 27, 103),
(344, 27, 89),
(345, 27, 102),
(346, 27, 84),
(347, 27, 52),
(348, 27, 85),
(349, 27, 72),
(350, 27, 36),
(351, 27, 87),
(352, 27, 88),
(353, 27, 96),
(354, 27, 86),
(355, 27, 91),
(356, 27, 104),
(357, 27, 67),
(358, 27, 68),
(359, 27, 65),
(360, 27, 99),
(361, 39, 4),
(362, 39, 103),
(363, 39, 89),
(364, 39, 102),
(365, 39, 84),
(366, 39, 52),
(367, 39, 85),
(368, 39, 72),
(369, 39, 36),
(370, 39, 87),
(371, 39, 88),
(372, 39, 96),
(373, 39, 86),
(374, 39, 91),
(375, 39, 104),
(376, 39, 67),
(377, 39, 68),
(378, 39, 65),
(379, 39, 99),
(380, 36, 4),
(381, 36, 103),
(382, 36, 89),
(383, 36, 102),
(384, 36, 84),
(385, 36, 52),
(386, 36, 85),
(387, 36, 72),
(388, 36, 36),
(389, 36, 87),
(390, 36, 88),
(391, 36, 96),
(392, 36, 86),
(393, 36, 91),
(394, 36, 104),
(395, 36, 67),
(396, 36, 68),
(397, 36, 65),
(398, 36, 99),
(399, 35, 4),
(400, 35, 71),
(401, 35, 103),
(402, 35, 82),
(403, 35, 89),
(404, 35, 78),
(405, 35, 102),
(406, 35, 84),
(407, 35, 44),
(408, 35, 52),
(409, 35, 20),
(410, 35, 85),
(411, 35, 72),
(412, 35, 27),
(413, 35, 36),
(414, 35, 73),
(415, 35, 101),
(416, 35, 87),
(417, 35, 88),
(418, 35, 96),
(419, 35, 97),
(421, 35, 83),
(422, 35, 57),
(423, 35, 74),
(424, 35, 37),
(425, 35, 76),
(426, 35, 86),
(427, 35, 46),
(428, 35, 75),
(429, 35, 91),
(430, 35, 77),
(431, 35, 104),
(432, 35, 67),
(433, 35, 68),
(434, 35, 65),
(435, 43, 18),
(436, 43, 35),
(437, 43, 98),
(438, 43, 99),
(439, 44, 70),
(440, 44, 93),
(441, 44, 94),
(442, 44, 6),
(443, 44, 81),
(444, 44, 28),
(445, 44, 100),
(446, 44, 34),
(447, 28, 18),
(448, 28, 35),
(449, 28, 98),
(450, 28, 99),
(451, 44, 99),
(460, 35, 99),
(461, 17, 70),
(462, 17, 93),
(463, 17, 94),
(464, 17, 6),
(465, 17, 81),
(466, 17, 28),
(467, 17, 100),
(468, 17, 34),
(469, 17, 99),
(470, 18, 70),
(471, 18, 93),
(472, 18, 94),
(473, 18, 6),
(474, 18, 81),
(475, 18, 28),
(476, 18, 100),
(477, 18, 34),
(478, 18, 99),
(479, 19, 70),
(480, 19, 93),
(481, 19, 94),
(482, 19, 6),
(483, 19, 81),
(484, 19, 28),
(485, 19, 100),
(486, 19, 34),
(487, 19, 99),
(488, 20, 70),
(489, 20, 93),
(490, 20, 94),
(491, 20, 6),
(492, 20, 81),
(493, 20, 28),
(494, 20, 100),
(495, 20, 34),
(496, 20, 99),
(497, 21, 70),
(498, 21, 93),
(499, 21, 94),
(500, 21, 6),
(501, 21, 81),
(502, 21, 28),
(503, 21, 100),
(504, 21, 34),
(505, 21, 99),
(506, 22, 70),
(507, 22, 93),
(508, 22, 94),
(509, 22, 6),
(510, 22, 81),
(511, 22, 28),
(512, 22, 100),
(513, 22, 34),
(514, 22, 99),
(515, 29, 70),
(516, 29, 93),
(517, 29, 94),
(518, 29, 6),
(519, 29, 81),
(520, 29, 28),
(521, 29, 100),
(522, 29, 34),
(523, 29, 99),
(524, 30, 70),
(525, 30, 93),
(526, 30, 94),
(527, 30, 6),
(528, 30, 81),
(529, 30, 28),
(530, 30, 100),
(531, 30, 34),
(532, 30, 99),
(533, 31, 70),
(534, 31, 93),
(535, 31, 94),
(536, 31, 6),
(537, 31, 81),
(538, 31, 28),
(539, 31, 100),
(540, 31, 34),
(541, 31, 99),
(542, 34, 70),
(543, 34, 93),
(544, 34, 94),
(545, 34, 6),
(546, 34, 81),
(547, 34, 28),
(548, 34, 100),
(549, 34, 34),
(550, 34, 99),
(551, 42, 70),
(552, 42, 93),
(553, 42, 94),
(554, 42, 6),
(555, 42, 81),
(556, 42, 28),
(557, 42, 100),
(558, 42, 34),
(559, 42, 99),
(560, 16, 18),
(561, 16, 35),
(562, 16, 98),
(563, 16, 99),
(564, 24, 18),
(565, 24, 35),
(566, 24, 98),
(567, 24, 99);

--
-- Indexes for dumped tables
--

--
-- Indexes for table `ol_group_activity`
--
ALTER TABLE `ol_group_activity`
  ADD PRIMARY KEY (`id`);

--
-- AUTO_INCREMENT for dumped tables
--

--
-- AUTO_INCREMENT for table `ol_group_activity`
--
ALTER TABLE `ol_group_activity`
  MODIFY `id` int(11) NOT NULL AUTO_INCREMENT, AUTO_INCREMENT=568;
COMMIT;

/*!40101 SET CHARACTER_SET_CLIENT=@OLD_CHARACTER_SET_CLIENT */;
/*!40101 SET CHARACTER_SET_RESULTS=@OLD_CHARACTER_SET_RESULTS */;
/*!40101 SET COLLATION_CONNECTION=@OLD_COLLATION_CONNECTION */;
